TGF_ID
081001392
081113322
081123874
090808739b
090828147
091130219
091213876
091227540
100110328
100129593
100207843
100218518
100223288
100304844
100304845
100305806
100331421
100409543
100501559
100513287
100606292b
100616900
100620481
100713095
100713481
100724221
100727854
100728940
100801756
100802897
100803822
100805032
100807804
100811503
100812853
100816696
100817338b
100818615
100823380
100823447
100826152
100828213
100828281
100829001a
100829001b
100829420
100903334
100905109
100909539
100911473
100912859
100912860
100912943
100916059
100920971
100923883
100925319
100927333
100929431
101003735
101007324
101008251
101009134
101009389
101012231
101012443
101013157
101018065
101019129
101021973
101022830b
101026710
101118249
101123225
101124661
101129417
101210864
101217050
101219539
101224783
110106532
110106533
110107246
110112416
110113361
110117247
110125162
110127067
110205809
110215690a
110216045
110217556
110218205
110219269
110219407
110222610
110225380a
110227440
110228636
110302625
110304547
110311230
110314565
110315069
110316419
110317788
110317983
110323880
110325736
110326802
110406608
110419334b
110420449
110420450
110426355
110429311
110505740
110506165
110507128
110510077
110511468
110513778
110515621
110515948
110516546
110519195
110520122
110521384
110522841
110526222
110526357
110601192
110604857
110605566
110608943
110608944
110611289
110611754
110619177
110621423
110622094
110622948
110623088
110626928
110629918
110705536
110705673
110706387b
110706813
110709302
110709372
110710366
110719400
110719466
110720322
110722171
110723163
110723310
110724376
110730987
110801123
110801976
110803825a
110803825b
110812042
110815559
110816556
110817900
110818631
110819469c
110819753
110819825
110826504
110830487
110902584
110904928
110905069
110905457
110908948
110909764
110911362
110911363
110912398
110916191
110918191
110918367
110918368
110920172
110922810
110923091
110924662
110924869
110925081
110928001
110929773
111001377
111001552
111008912
111014350
111019935
111023488b
111023490
111024439
111025301
111025406
111025833
111027331
111027931
111030915
111030917
111101837
111104645
111113892
111116383
111117705
111119856
111121424
111122706
111124269
111126681
111126682
111128604
111204431
111227802
111227937
111228154
120106673
120109659
120110674
120110812
120111585
120112307
120114919
120115704
120119487
120120412
120122330
120123394
120128804
120129132
120217417
120222393
120222745
120223314
120228152
120303460
120307321
120308186b
120308958
120309449
120310571
120313924
120318102
120402952
120412343
120418869
120421122
120421334
120422444
120426487
120426844
120429897
120430757
120503878
120505333
120508642
120513880
120514142
120517381
120520437
120522162
120522692
120523685
120525870
120526437
120526439
120526580
120527596
120530413
120531502
120601404
120602615
120605969
120607590
120608583
120612421
120613411
120614646
120615050a
120618625
120624218
120626205
120628127
120628694a
120630753
120704488
120705943
120705944
120706512
120706651
120708570
120708971
120711485
120713614
120715393
120715607
120716743
120717849
120718657
120719586
120720226
120721503
120721571
120723745
120724411b
120724412
120725554
120726331
120727183
120728180
120728461
120731311
120731450
120803101
120803222
120803295
120804287
120807526
120813100
120814947
120816335
120817007
120820915
120821025
120821237
120822711
120823943
120825465
120827282
120828111
120830100
120830830
120901713
120901818
120905331
120906009
120907345
120907606b
120908174
120910097
120911162
120913078b
120916060
120916414
120917079
120917340
120918800
120919969
120920713
120921360
120922245
120923238
120924232
120927009
120928988
120930986
121001844
121004676
121006024
121007450
121008583
121011427
121011888
121012241
121012817
121013774
121014570
121014571
121015868b
121017786
121018710
121020897
121021369
121023222
121024504
121028478
121028516
121028710
121030966
121101386
121102949
121103374
121103428
121103606
121104065
121109998
121111123
121111758
121113683
121118543
121118879
121122946
121125826
121126687
121126926
121129774
121129803
121205505
121206588
121207917
121209500
121210138
121212283
121213344a
121213344b
121214906
121215961
121217320
121217523
121218753
121218754
121220866
121221950
121223148
121228684
130106980
130108115
130115386
130115502
130118281
130118545
130120628
130121996
130125365
130201348
130202272
130205257
130205820
130209726
130214638
130216677
130217419
130217630
130217700b
130219335
130221523
130221538
130221742
130222730
130225358
130227704
130228413
130302615
130302617
130307034
130307316
130307317b
130310425
130312485
130313881
130317119a
130317119b
130321734
130321926
130324345
130327518
130328023
130329243
130402983
130406055
130409996
130412458
130414791
130415427
130415697
130416162
130418377
130422130
130423011
130423699
130424239
130424460
130428836
130429566
130430165
130502619
130504961
130506347a
130506347b
130509133
130509329
130510430
130511618
130512308
130512846
130513870
130517321a
130520529
130520833
130522077
130526422
130526937
130528341
130528733
130528965
130529856
130529963
130605439
130606705
130608438
130608439
130609360
130610680
130611560
130613552a
130613878
130614873
130617262
130624135
130628231
130628247
130628251
130628254
130628360
130629243
130629640
130629848
130630777
130630951
130701021
130701700
130704112
130704144
130705109
130705135
130705851
130707838
130708776
130709307
130709944
130710964
130712024
130712880
130713737
130718772
130719625
130720564
130720691
130721801
130723390
130726300
130727226
130727554
130728427
130728504
130728835
130728896
130729015a
130729213
130729564
130731818
130803857
130809149
130809360
130809598
130809689
130811280
130812059
130813908
130814260
130816179
130818097
130818806
130826618
130826972
130828536
130829855
130901911b
130902572
130902789a
130902834
130903255
130904156
130905107
130905417
130905817
130906099
130906166
130906237
130907593
130907684
130907689
130907690
130908586
130910922
130912104
130912589
130913030
130913031
130914151
130914223
130915033
130915358
130915566
130917489
130919866
130920255
130921445
130921516
130922388
130922956
130925226
130926075
130926627
130927287
131001120
131001235
131005699
131008863
131011721
131016192
131017416a
131018514
131018638
131018778
131019440
131021590
131024341
131024758
131027318
131029130
131029236
131030234
131030236
131031370
131031616
131031840
131101610
131101755
131102608
131104413
131105019
131105519
131106396
131108106
131108388
131108960
131109618
131110025
131110541
131110912
131111179
131113003
131113288
131116269
131130703
131201441
131202122
131204700
131204703
131206327
131206883
131210172
131210525
131211343
131211711
131212443
131212663
131213728
131215492
131217560
131220722
131221899
131222213
131222217
131222568
140102680
140104417
140106901
140109487
140109545
140110902
140112118
140113786
140117690
140119363
140120145b
140121891
140122544
140123657
140124244
140125067
140126167
140127437
140128906
140129212
140202869
140202870
140204389
140204581
140205055
140205285
140207296
140208806
140209195
140217289
140220838
140226794
140303495
140304586
140304899
140305485
140306742
140306743b
140307683
140308491
140308747
140311136
140314216
140316625
140319603
140327477
140401806
140402674
140406874
140408862
140408878
140410105
140417574
140418744
140419169
140420033
140420662a
140422321
140424006
140424303
140424457
140427314
140430250
140502440a
140502440b
140502599
140503729
140505417
140505540
140509483
140510292
140515071
140515372
140515865
140519014
140520336
140520568
140522680
140522851
140527081
140527505
140527708
140528571
140531408
140601397
140603392
140604304
140605304
140609059
140611364
140611366
140611627
140612356
140612714
140613881
140619332
140619708
140622150
140623351
140623538
140625528
140628105
140628856
140629385
140629712
140701088
140701765
140701940
140702683
140704275
140704462
140706055a
140706055b
140706266
140706267
140710894
140713122
140713930
140716244
140718608
140721084
140721663
140722443
140723436
140724038
140725490
140725848
140725887
140728754
140730385
140730791
140731382
140801236
140801444
140803355
140803356
140803425a
140803425b
140803639
140804347
140804354
140805488
140806132
140806664
140807544a
140809107
140810243
140810453a
140810453b
140812439
140813009
140813335
140813409
140814003
140814829
140815815
140815853
140818066
140821495
140821897
140823687
140824193
140826314
140826315
140826460b
140827452
140828968
140828969
140828977
140829369
140903045
140903398
140903931
140904326
140909155
140910532
140911128
140911469
140916552
140916676
140918335
140918799
140918861
140920650
140921450
140922239
140922444
140923438
140924150
140924358
140927589
140928708
140929041
140929791
140930318
141001240
141002019
141003294
141004145
141004858
141005001
141005921
141006845
141008188
141010354
141015073
141015262
141016115
141017092
141018620
141018831
141020492
141021927
141023870a
141023974
141024125
141028732
141029398
141104050
141105230
141106594
141107936
141108647
141110988
141111239
141111309
141115460
141115609
141115678
141116313a
141116877
141117903
141118298
141119715
141119719
141120050
141121566
141123688
141125302
141125669
141125916
141126028
141207779
141211421
141211608
141213789
141214586
141215011
141218223
141218514
141219480
141222745
141227240
150102255
150102689
150106663
150109701
150115592
150118432
150124318
150124450a
150125137
150125171
150125593
150125638
150125658
150126299
150127358
150127710
150129900
150130263
150130814
150131256
150202187
150202235
150202313
150202436
150203445
150206200
150206563
150210396
150212574
150213106
150213367
150213368
150213634
150215288
150218526
150221617
150222217
150223732
150302532
150302541
150309740
150311465
150312653
150316354
150318400
150320185
150322649
150323156
150326753
150329037
150329961
150331942
150401010
150401434
150401473
150401637
150404845
150405014
150405907
150409876
150410798
150410974
150411320
150417093
150417137
150418027
150418534
150418596
150423520a
150423520b
150423752a
150425304
150426164
150427087
150428144
150428411
150428643
150428835
150502310
150505816
150506934
150509077
150509609
150510241
150511702
150512690
150513507
150514803
150517403
150517975
150520349
150521902
150522151
150523886
150525059
150527719
150527891
150528946
150529237
150530203
150603100
150605613
150607949
150607990
150608131
150608414
150608982
150610398
150610469
150611890
150613479
150614399
150614403
150616847
150621275
150621669
150623722
150623959
150626587
150629354
150630131
150630202
150705380
150705946b
150708613
150709077
150710306
150710980
150711630
150715354
150716717
150718528
150719251
150720047
150720809
150722429
150722497
150723361
150723993
150724260
150724651
150726497
150730535
150731525
150801523
150801572
150801659
150801841
150802305
150808326
150811818a
150812047
150812363
150817042
150819380
150820373
150824912
150825372
150828169
150828558
150828560
150829226
150829885
150830927
150901523a
150901523b
150903443
150903581
150904891
150905809
150906805
150909111
150911308
150912616
150913615
150914349
150914602
150916372
150916776
150917296
150918289
150919028a
150919028b
150919417
150920025
150921263
150923187
150924451
150924454
150924657
150924659
150924841
150925975
150928213
151005935
151006149
151008198
151009330
151009901
151010293
151010496
151013729
151013798a
151016666
151020736
151023344
151023769
151025562
151025756
151026445
151027208
151027633
151027665
151027900
151028237
151030664
151031586
151101765
151102493b
151102758
151105518
151107436
151107476
151107708
151108489
151109628
151109629
151110680
151111107
151112795
151115569
151117091
151117305
151118477
151120527
151120687
151121812
151123359
151201055
151204026
151205018
151207404
151207472
151210379
151213409
151213575
151214443a
151214443b
151215884
151216028
151216029b
151217656
151217677
151218340
151221568
151224455
151224612
151226583
160105239
160109112
160111700
160113734
160115450
160119482
160120476a
160120893
160123867
160125261
160125559a
160126356
160127554
160128549
160203640
160209849
160213061
160216515a
160216515b
160216584
160217508
160217577
160218638
160222468
160223524
160224253
160225085
160227156
160301638
160306687
160308575
160310021
160311012
160311411a
160315405
160315438
160317780
160317781a
160318510
160318773
160319339
160319888
160320330
160321803
160324294
160326144
160327493
160330656
160402302
160402303
160405443
160407892
160408049
160408350
160408876b
160409147
160409575
160410332
160416676
160420033
160425461
160425730
160426457
160426623
160427302
160427973
160428372b
160428709
160429530
160501471
160501904
160503818
160503899
160504475
160504675
160505569
160505869
160506470
160506722
160506995
160507010
160507324
160508573
160510196
160516177
160518681
160519504
160520429
160522201
160523402
160524228
160525035
160526944
160527552
160530910
160531660
160601646
160607243
160607461a
160609938
160610149
160612686
160612915
160614970
160615394
160616490
160616842
160617239
160617377
160618299
160620458
160620599
160621467
160623691
160624354
160625164
160625273
160627915
160703489
160704382
160704411
160705015
160706377
160706724
160706863
160707386a
160707386b
160708236
160708375
160709015
160710860
160711352
160711992b
160713125
160714116
160714185
160715956
160715957
160718015
160720774
160721128a
160722445
160723679
160723749
160724952
160725415
160726278
160726790
160726936
160730481
160731436
160731828
